0 0
1 0.0
2 0.27397260274
3 0.820416588478
4 1.63559124666
5 2.71355736998
6 4.04624836491
7 5.6235703096
8 7.43352923517
9 9.46238338892
10 11.6948177711
11 14.1141378322
12 16.7024788838
13 19.4410275232
14 22.3102512005
15 25.2901319764
16 28.3604005253
17 31.5007665297
18 34.6911417872
19 37.9118526032
20 41.1438383581
21 44.3688335165
22 47.5695307663
23 50.7297234324
24 53.8344257915
25 56.8699703969
26 59.8240820136
27 62.6859282263
28 65.4461472342
29 68.0968537478
30 70.6316242719
31 73.0454633729
32 75.334752785
33 77.4971854176
34 79.531686462
35 81.4383238875
36 83.218210638
37 84.8734008216
38 86.4067821082
39 87.8219664367
40 89.1231809818
41 90.3151611482
42 91.4030471562
43 92.3922855656
44 93.2885368551
45 94.0975899466
46 94.8252843367
47 95.4774402833
48 96.0597972879
49 96.5779609323
50 97.0373579578
51 97.4431993334
52 97.8004509334
53 98.1138113484
54 98.3876962759
55 98.6262288816
56 98.8332354885
57 99.0122459341
58 99.1664979389
59 99.2989448418
60 99.4122660865
61 99.5088798805
62 99.5909574895
63 99.6604386831
64 99.7190478967
65 99.7683107312
66 99.809570464
67 99.8440042979
68 99.8726391254
69 99.8963666308
70 99.9159575965
71 99.9320753177
72 99.9452880641
73 99.9560805556
74 99.9648644445
75 99.9719878174
76 99.9777437453
77 99.9823779244
78 99.9860954581
79 99.9890668397
80 99.9914331949
81 99.9933108508
82 99.9947952922
83 99.995964569
84 99.9968822149
85 99.9975997326
86 99.998158699
87 99.9985925398
88 99.9989280166
89 99.9991864674
90 99.9993848356
91 99.99953652
92 99.9996520725
93 99.9997397693
94 99.9998060747
95 99.9998560171
96 99.9998934921
97 99.9999215051
98 99.9999423654
99 99.9999578399
100 99.9999692751
101 99.9999776929
102 99.9999838655
103 99.9999883743
104 99.999991655
105 99.9999940328
106 99.9999957494
107 99.9999969838
108 99.999997868
109 99.9999984988
110 99.9999989471
111 99.9999992644
112 99.9999994881
113 99.9999996452
114 99.999999755
115 99.9999998315
116 99.9999998846
117 99.9999999213
118 99.9999999465
119 99.9999999638
120 99.9999999756
121 99.9999999836
122 99.9999999891
123 99.9999999927
124 99.9999999952
125 99.9999999968
126 99.9999999979
127 99.9999999986
128 99.9999999991
129 99.9999999994
130 99.9999999996
131 99.9999999998
132 99.9999999998
133 99.9999999999
134 99.9999999999
135 100.0